196542469
191037941
54823645
191037865
54821078
54824547
54822302
54824081
54821992
191103301
191103347
54820985
54825825
54824675
54824317
191103311
54824998
54823689
54823865
195919982
54823339
54821066
54822530
190447618
54821949
54822555
54821552
54822577
190513166
54825475
54822805
54823136
54822671
54821621
54822365
54823203
54825144
54821891
54825301
54821498
54822417
54825363
54822212
54822824
54825589
190447649
209485826
209453102
200409100
213418059
213418089
213549097
213418114
213319730
190611457
190447697
190480449
54823670
190513226
54822428
54825596
54825618
54822086
54821020
54821028
54822388
190775299
191038166
191037659
54821833
54821589
54823602
54823590
54824293
54823520
54822552
54825637
54825177
191037735
191103181
54823499
54825237
191070284
191070296
191037531
191037541
191037551
54823959
54823436
54824168
54824845
54822217
54825308
54823612
54825722
54825496
54822350
54825523
196280421
54821083
54824016
54821680
54824808
196149701
54825549
54821661
195789579
195723267
207683687
207781954
191103014
54821715
54825250
54821754
54823928
54824298
191070547
200966210
200933429
54825770
54821007
205488144
54821503
54823795
200933566
200900619
200966192
54821059
54821526
54822943
54821393
195920467
54822268
54825184
54821326
54825077
54823858
54825665
191037931
191037993
54823294
54821390
54822248
54825019
54822630
196280321
54824380
54822960
54822334
54825685
54825065
54823212
54821822
54825511
54821633
54822147
54825151
54822127
195920242
196149397
54822447
196018178
54825038
196149407
54823907
54822280
54821198
191038025
196313089
54822054
54821253
54824730
54825624
54825420
54822609
195788804
54823271
200966296
196280377
54822073
54825054
191070872
195690498
195690545
195690556
195690577
195690590
195690603
195690620
195690637
195690656
191103469
54823224
54823099
54825033
54822353
54822649
54821560
54824892
54822037
54825567
54822733
54821574
54821221
54821106
54824229
54821478
54821422
54825532
54823650
54823511
54824664
54825229
54824864
54825212
54825834
54821649
54822483
54822537
54823386
54822259
54824882
54825174
54821380
54823305
54822425
54823607
54824527
54825845
54822982
54824061
54825209
54823428
54825463
54823441
54822103
54823052
54822329
54821529
54824627
54824825
54821772
54821742
54821720
54823124
54825154
54823085
54824377
54824331
54825104
54824747
54824236
54822540
54822009
54825746
54825699
200900753
54825579
211222641
212795473
212631674
211255387
211255408
211320955
211222683
211255484
211255458
211255509
54821296
54825820
54823752
210894876
210895069
211320850
210895094
210993410
210993435
210927887
210895129
210927903
210960662
210993483
210927928
210895162
210927971
210960689
210895193
210993505
210993532
210927996
210960714
210928030
210960748
211288065
211222539
211288090
211288115
200933589
214204673
214204673
214171761
214270035
214302799
54821363
54823938
54823415
54821226
54823280
54821700
54821299
54823496
54821569
54824777
54825517
54823587
54822308
54825708
54825196
54824887
54824070
54821872
54824594
54821654
54822089
54824800
54821929
54825332
54824709
54823119
54825612
54825349
54820962
54823193
54823994
54825730
54824601
54823242
54825340
54823725
54824931
54821906
54821069
54824900
54822866
54825719
54821539
54823261
54825586
54821920
54825132
54824220
54823104
54821909
54825352
54825458
54822157
54821323
54825137
54822723
54824053
54824511
54822627
54824667
54824782
214270035
54824897
190513156
54821425
54822861
54821246
214302799
54821935
54825234
54822736
54822193
54825840
214171791
